# oST version 5.0 parameters


[image]

width
1280

height
720

[narrow_stereo]

camera matrix
808.615274 0.000000 618.694898
0.000000 803.883580 356.546277
0.000000 0.000000 1.000000

distortion
0.070456 -0.128921 -0.000695 -0.003474 0.000000

rectification
1.000000 0.000000 0.000000
0.000000 1.000000 0.000000
0.000000 0.000000 1.000000

projection
770.218018 0.000000 602.222579 0.000000
0.000000 752.382080 354.972520 0.000000
0.000000 0.000000 1.000000 0.000000

