('D = ', [0.07045556705590482, -0.12892077346469705, -0.0006950605078017751, -0.003473634252549088, 0.0])
('K = ', [808.6152735609031, 0.0, 618.6948981838605, 0.0, 803.8835800976849, 356.5462769906941, 0.0, 0.0, 1.0])
('R = ', [1.0, 0.0, 0.0, 0.0, 1.0, 0.0, 0.0, 0.0, 1.0])
('P = ', [801.163818359375, 0.0, 609.6451532004139, 0.0, 0.0, 813.3203735351562, 356.1222379952542, 0.0, 0.0, 0.0, 1.0, 0.0])
None
# oST version 5.0 parameters


[image]

width
1280

height
720

[narrow_stereo]

camera matrix
808.615274 0.000000 618.694898
0.000000 803.883580 356.546277
0.000000 0.000000 1.000000

distortion
0.070456 -0.128921 -0.000695 -0.003474 0.000000

rectification
1.000000 0.000000 0.000000
0.000000 1.000000 0.000000
0.000000 0.000000 1.000000

projection
801.163818 0.000000 609.645153 0.000000
0.000000 813.320374 356.122238 0.000000
0.000000 0.000000 1.000000 0.000000

